[39m                                                            [39m
                        [38;2;2;15;36m⢀[38;2;146;157;167m⣤[38;2;128;141;155m⣶[38;2;128;140;153m⣶[38;2;112;124;142m⡦[38;2;50;62;84m⡄                              [39m
                 [38;2;80;95;114m⣀[38;2;137;149;164m⣤[38;2;106;118;135m⣤[38;2;94;109;129m⢄[38;2;80;97;115m⡤[38;2;95;111;128m⠦[38;2;108;132;148m⡒[38;2;108;126;142m⢂[38;2;133;146;159m⠷[38;2;147;159;171m⣊[38;2;146;164;181m⣿[38;2;107;121;136m⢯[38;2;59;75;99m⠃[38;2;119;137;153m⠲[38;2;117;135;150m⠒[38;2;122;136;152m⠦[38;2;106;122;139m⢄[38;2;95;108;123m⣀[38;2;119;134;154m⣤[38;2;121;135;151m⣤[38;2;98;112;132m⡀     [38;2;110;119;133m⣠[38;2;105;116;131m⣠[38;2;1;9;25m⠄ [38;2;5;4;13m⢀[38;2;164;22;18m⣠[38;2;210;26;18m⡴[38;2;230;21;17m⢲[38;2;82;4;15m⠄        [39m
       [38;2;0;69;129m⢀[38;2;0;99;185m⡀     [38;2;1;15;37m⢀[38;2;164;178;187m⢀[38;2;121;133;146m⣠[38;2;146;158;171m⠢[38;2;97;115;136m⢟[38;2;127;148;169m⠟[38;2;104;127;146m⡐[38;2;0;27;50m⠁[38;2;0;26;48m⠁[38;2;0;32;57m⢀[38;2;108;130;150m⣠[38;2;121;144;162m⠪[38;2;0;31;55m⠄[38;2;46;73;95m⠡[38;2;100;114;126m⠈[38;2;114;132;146m⠳[38;2;3;67;104m⠄[38;2;173;102;43m⣀[38;2;99;63;44m⡐[38;2;128;154;171m⣀[38;2;114;128;146m⠫[38;2;131;148;166m⣿[38;2;110;132;153m⠿[38;2;112;126;144m⠣[38;2;102;119;135m⣀    [38;2;97;105;116m⢈[38;2;122;136;149m⣍[38;2;77;94;116m⢴[38;2;121;31;29m⣄[38;2;204;15;13m⣘[38;2;218;28;20m⢹[38;2;207;25;16m⢾[38;2;241;23;19m⢸[38;2;207;45;21m⣼[38;2;197;49;15m⣶[38;2;106;55;14m⡀ [38;2;76;92;110m⢀[38;2;82;94;107m⢀   [39m
     [38;2;0;125;231m⢀[38;2;0;127;233m⣴[38;2;0;135;237m⣿[38;2;0;136;236m⣿[38;2;0;125;218m⣧ [38;2;78;91;108m⢠[38;2;145;156;167m⣴[38;2;123;139;156m⣮[38;2;135;147;160m⡦[38;2;131;149;163m⡕[38;2;0;28;51m⢀⢀[38;2;0;29;52m⢀[38;2;0;31;57m⠄[38;2;108;127;148m⢼[38;2;111;130;152m⠚[38;2;165;139;115m⡩[38;2;189;138;89m⣥[38;2;164;120;84m⣁[38;2;210;146;76m⢶[38;2;227;150;72m⣾[38;2;223;148;72m⣿[38;2;215;138;66m⣿[38;2;220;139;65m⣷[38;2;223;149;75m⣾[38;2;239;160;80m⣶[38;2;196;121;57m⣮[38;2;115;136;106m⣜[38;2;0;80;111m⠢[38;2;0;105;131m⣀[38;2;0;27;50m⠄[38;2;0;27;51m⢀[38;2;127;145;160m⢊[38;2;98;110;127m⣣[38;2;150;166;181m⣶[38;2;127;141;157m⣤[38;2;95;107;119m⣀[38;2;100;106;118m⠈[38;2;128;126;116m⢛[38;2;199;107;14m⣼[38;2;200;55;14m⣟[38;2;194;38;13m⣼[38;2;222;66;21m⣴[38;2;187;8;7m⢰[38;2;209;74;14m⣘[38;2;187;73;13m⣷[38;2;194;107;8m⣿[38;2;200;101;9m⣿[38;2;166;128;10m⣤[38;2;122;134;148m⠼[38;2;107;118;131m⠛[38;2;3;10;25m⠁  [39m
   [38;2;0;86;167m⢠[38;2;0;121;227m⣴[38;2;0;138;241m⣿[38;2;0;152;248m⣿[38;2;0;162;249m⣿⣿[38;2;0;159;245m⣿[38;2;20;170;235m⣷[38;2;78;124;146m⡚[38;2;111;127;146m⡽[38;2;110;125;144m⣟[38;2;103;121;139m⢮[38;2;101;123;140m⠣[38;2;11;32;57m⠁[38;2;9;28;55m⠁[38;2;0;35;59m⠄[38;2;152;134;93m⣁[38;2;175;138;93m⣬[38;2;167;83;34m⡸[38;2;148;69;24m⣯[38;2;119;58;22m⣁[38;2;215;115;42m⣹[38;2;226;124;46m⣿[38;2;227;123;46m⣿[38;2;228;124;46m⣿[38;2;216;114;41m⣿[38;2;208;109;40m⠿[38;2;205;108;39m⢿[38;2;218;117;43m⣿[38;2;228;124;46m⣿[38;2;229;126;47m⣿[38;2;228;144;68m⣿[38;2;177;148;94m⣎[38;2;7;68;98m⠢[38;2;32;54;75m⠂[38;2;124;144;162m⢸[38;2;135;154;171m⣪[38;2;86;104;125m⠥[38;2;141;162;178m⣱[38;2;128;144;159m⠧[38;2;0;148;62m⣠[38;2;65;181;32m⢼[38;2;147;139;10m⣽[38;2;183;139;7m⣿[38;2;199;130;4m⠟[38;2;174;102;3m⣿[38;2;195;147;8m⢛[38;2;176;100;0m⣹[38;2;201;125;1m⢿[38;2;198;155;2m⣿[38;2;172;166;5m⣿[38;2;104;156;15m⣿[38;2;15;181;48m⢶[38;2;0;7;29m⠄   [39m
    [38;2;0;97;180m⠉[38;2;0;139;237m⠙[38;2;27;150;220m⢿[38;2;1;170;243m⢿[38;2;0;173;244m⣿[38;2;0;180;243m⣿[38;2;0;190;242m⣿[38;2;11;188;227m⣿[38;2;28;133;161m⡅[38;2;0;31;54m⢀[38;2;88;112;132m⠨[38;2;115;146;165m⠆[38;2;162;139;92m⣁[38;2;230;171;100m⣤[38;2;221;157;85m⣶[38;2;209;132;67m⣿[38;2;212;117;51m⣿[38;2;196;100;40m⣿[38;2;217;127;55m⣴[38;2;226;126;49m⣾[38;2;225;123;46m⣿[38;2;226;122;45m⣿[38;2;226;123;46m⣿[38;2;223;122;45m⣿[38;2;215;116;43m⣿[38;2;210;113;42m⣦[38;2;201;107;39m⣴[38;2;189;98;35m⣿[38;2;221;126;54m⣿[38;2;234;149;74m⣿[38;2;226;135;60m⡿[38;2;190;113;53m⢛[38;2;154;126;90m⣷[38;2;74;57;51m⡄[38;2;67;109;137m⢐[38;2;20;40;62m⠁[38;2;134;151;165m⠩[38;2;64;84;102m⠈[38;2;82;126;159m⢣[38;2;0;130;171m⣨[38;2;0;148;100m⣻[38;2;0;183;68m⡳[38;2;122;161;17m⡓[38;2;150;180;11m⣿[38;2;159;161;0m⣭[38;2;146;160;4m⣿[38;2;132;156;5m⡿[38;2;168;193;6m⢿[38;2;92;188;32m⣯[38;2;1;193;59m⡟[38;2;0;170;136m⣂[38;2;0;175;166m⣾[38;2;0;164;157m⠿[38;2;0;9;33m⠁  [39m
   [38;2;1;15;40m⢀[38;2;103;115;132m⣀[38;2;138;149;163m⣰[38;2;126;144;161m⠃[38;2;0;27;51m⠁[38;2;122;172;194m⣨[38;2;84;165;189m⣻[38;2;59;177;205m⣿[38;2;14;188;222m⡿[38;2;25;191;205m⢟[38;2;188;157;105m⣡[38;2;233;170;96m⣶[38;2;226;148;78m⣿[38;2;214;122;56m⣿[38;2;209;110;46m⣿[38;2;214;118;51m⣿[38;2;210;110;46m⣿[38;2;207;108;44m⣿[38;2;209;118;52m⡟[38;2;191;117;52m⡽[38;2;204;109;41m⣿[38;2;223;121;45m⣿[38;2;225;123;46m⣿[38;2;225;122;46m⣿[38;2;224;122;46m⣿[38;2;209;115;43m⣿[38;2;223;124;47m⣟[38;2;212;116;42m⣻[38;2;184;133;76m⢻[38;2;177;157;114m⣿[38;2;250;219;161m⡿[38;2;227;196;143m⣷[38;2;226;164;102m⣔[38;2;78;62;46m⢁[38;2;182;151;93m⣠[38;2;0;32;56m⢀[38;2;0;27;50m⠁[38;2;0;26;49m⠁[38;2;0;27;50m⠁[38;2;3;100;199m⢜[38;2;0;102;202m⡿[38;2;39;122;194m⢟[38;2;82;152;170m⣯[38;2;65;139;167m⣽[38;2;35;135;144m⡿[38;2;1;145;130m⣿[38;2;0;136;129m⣿[38;2;0;151;134m⣼[38;2;0;154;111m⣽[38;2;0;129;146m⣿[38;2;0;124;195m⣧[38;2;3;129;205m⣟[38;2;2;111;187m⡿[38;2;14;96;207m⣷[38;2;39;46;164m⡄  [39m
  [38;2;3;17;38m⢀[38;2;144;159;175m⡿[38;2;103;123;144m⣛[38;2;109;126;143m⢿[38;2;120;138;155m⡧[38;2;54;78;101m⠂[38;2;143;165;185m⠿[38;2;155;170;187m⣙[38;2;80;111;141m⠏[38;2;181;164;118m⢕[38;2;239;182;106m⣿[38;2;224;138;71m⣿[38;2;217;124;58m⣿[38;2;210;111;47m⣿[38;2;208;107;44m⣿[38;2;208;108;44m⣿[38;2;208;107;43m⣿[38;2;207;108;44m⣿⣿[38;2;130;57;22m⡔[38;2;107;50;23m⡘[38;2;158;71;25m⣿[38;2;182;90;35m⣿[38;2;199;103;39m⣿[38;2;204;107;41m⣿[38;2;203;107;41m⣿[38;2;216;116;45m⡿[38;2;190;97;35m⣻[38;2;181;93;34m⡷[38;2;112;84;55m⠚[38;2;203;172;124m⠹[38;2;221;181;125m⠿[38;2;247;200;140m⠿[38;2;211;163;109m⠛[38;2;165;131;85m⠾[38;2;146;137;106m⠣[38;2;64;107;129m⡒[38;2;98;116;131m⠲[38;2;94;115;130m⡒[38;2;97;117;133m⠲[38;2;14;41;84m⠃[38;2;59;46;186m⠾[38;2;97;139;148m⡰[38;2;135;178;210m⣿[38;2;122;176;209m⣿[38;2;129;135;142m⣜[38;2;18;81;199m⢿[38;2;16;78;197m⣿[38;2;11;65;186m⢻[38;2;12;65;180m⣿[38;2;23;57;189m⠟[38;2;48;46;177m⣃[38;2;33;58;194m⡏[38;2;43;48;198m⠏[38;2;67;39;188m⡟[38;2;37;19;106m⠃  [39m
   [38;2;121;133;146m⢈[38;2;109;124;140m⡖[38;2;119;140;158m⠙[38;2;145;161;177m⢆[38;2;0;27;50m⢀[38;2;0;33;57m⢀[38;2;119;96;58m⢀[38;2;244;189;111m⣴[38;2;238;166;92m⣿[38;2;213;115;51m⣿[38;2;219;125;57m⣿[38;2;209;109;45m⣿[38;2;208;108;44m⣿[38;2;206;107;44m⣿[38;2;208;108;44m⣿[38;2;207;108;44m⣿[38;2;208;108;44m⣿[38;2;194;100;41m⡿[38;2;155;70;26m⣷[38;2;150;67;26m⣆[38;2;139;59;22m⡁[38;2;155;66;23m⠫[38;2;148;68;26m⠟[38;2;162;74;27m⠻[38;2;150;68;26m⠿[38;2;152;69;25m⠿[38;2;148;66;23m⠛[38;2;124;82;66m⡉[38;2;7;41;68m⠂[38;2;173;182;195m⣦[38;2;118;119;117m⣨[38;2;136;133;114m⣉[38;2;131;144;162m⣡[38;2;75;69;108m⣄[38;2;7;22;60m⢀[38;2;21;32;58m⠡[38;2;19;53;89m⢂[38;2;0;98;108m⢀[38;2;0;107;122m⠪[38;2;1;123;125m⢇[38;2;0;106;108m⣠[38;2;0;124;126m⠃[38;2;0;71;98m⢄[38;2;113;133;154m⠘[38;2;124;148;170m⠬[38;2;144;144;164m⠛[38;2;66;29;153m⠛[38;2;51;23;146m⠸[38;2;55;24;149m⠫[38;2;81;97;128m⠆[38;2;47;27;101m⠈[38;2;42;21;115m⢁[38;2;48;20;127m⢁[38;2;0;6;29m⠁[38;2;0;69;106m⡀  [39m
 [38;2;0;16;40m⢀[38;2;117;131;147m⣀[38;2;151;163;176m⣼[38;2;77;94;110m⣠[38;2;0;29;52m⢀[38;2;50;62;82m⠈[38;2;108;124;141m⣓[38;2;0;40;68m⠂[38;2;209;169;103m⣸[38;2;234;159;87m⣿[38;2;210;109;45m⣿[38;2;215;118;52m⣿[38;2;210;110;44m⣿[38;2;208;108;44m⣿[38;2;205;107;44m⡿[38;2;169;83;34m⣹[38;2;200;103;42m⣿[38;2;207;107;44m⣿[38;2;202;107;44m⣿[38;2;195;109;50m⣭[38;2;203;128;64m⣬[38;2;159;82;33m⣝[38;2;187;113;56m⣭[38;2;205;121;57m⣶[38;2;166;97;47m⢯[38;2;156;79;34m⡗[38;2;94;46;26m⠤[38;2;2;23;52m⠁[38;2;93;102;115m⠚[38;2;65;80;102m⠟[38;2;80;62;132m⣨[38;2;115;113;151m⡽[38;2;118;106;154m⢯[38;2;110;113;165m⢋[38;2;118;99;185m⣫[38;2;112;67;229m⣾[38;2;83;47;169m⣥[38;2;28;43;95m⢀[38;2;112;150;152m⠰[38;2;78;119;129m⡥[38;2;0;115;120m⠊[38;2;25;85;110m⠇[38;2;14;93;113m⠬[38;2;9;123;143m⣀[38;2;0;97;127m⢀[38;2;0;101;139m⠣[38;2;0;128;175m⠿[38;2;0;123;166m⠯[38;2;0;102;146m⠶[38;2;0;110;144m⠣[38;2;0;152;195m⠯[38;2;0;131;172m⠷[38;2;0;115;158m⠾[38;2;0;87;126m⠩[38;2;0;123;171m⠷[38;2;0;139;187m⠿   [39m
 [38;2;9;23;46m⢀[38;2;119;135;151m⣭[38;2;131;151;171m⣿[38;2;142;162;178m⡿[38;2;152;175;193m⠒[38;2;128;147;165m⠒[38;2;100;118;136m⡽[38;2;131;110;72m⠱[38;2;241;178;101m⣿[38;2;223;132;62m⣿[38;2;210;109;44m⣿[38;2;210;110;44m⣿[38;2;209;109;44m⣿[38;2;207;108;45m⣿[38;2;209;109;45m⡇[38;2;136;58;21m⠁[38;2;163;77;30m⣿[38;2;180;89;35m⣿[38;2;193;98;39m⣿[38;2;192;97;38m⣿[38;2;190;95;37m⣿[38;2;177;86;34m⡿[38;2;148;83;43m⢋[38;2;130;91;74m⡙[38;2;159;78;34m⠑[38;2;69;26;14m⠈[38;2;3;20;42m⠂[38;2;7;19;36m⠄[38;2;90;54;193m⣤[38;2;102;56;209m⣿[38;2;101;59;206m⠟[38;2;161;38;65m⣧[38;2;220;27;15m⡢[38;2;208;26;17m⠿[38;2;162;40;63m⣨[38;2;167;56;128m⣝[38;2;95;52;198m⢻[38;2;99;55;203m⢿[38;2;77;52;173m⣬[38;2;70;50;164m⣠[38;2;18;48;99m⢀[38;2;2;1;2m⢀[38;2;11;27;49m⢀[38;2;97;115;139m⢁[38;2;108;126;141m⡑[38;2;52;57;59m⡂[38;2;0;34;62m⠄[38;2;0;28;52m⠂[38;2;112;135;155m⢘[38;2;123;138;154m⣦[38;2;134;150;168m⣶[38;2;168;182;195m⣤[38;2;63;75;92m⣀      [39m
  [38;2;56;66;80m⠉[38;2;159;179;192m⢹[38;2;0;27;50m⢀[38;2;0;26;50m⢀[38;2;120;139;157m⢠[38;2;106;123;142m⠆[38;2;196;159;97m⢸[38;2;219;124;57m⣿[38;2;211;109;43m⣿[38;2;211;110;44m⣿[38;2;211;111;45m⣿[38;2;210;111;46m⣿[38;2;195;102;42m⡿[38;2;185;92;37m⠿[38;2;144;65;24m⢷[38;2;139;59;22m⣄[38;2;142;63;24m⢙[38;2;116;54;23m⠫[38;2;113;49;20m⢉[38;2;131;58;22m⠉[38;2;119;51;22m⡀[38;2;57;60;62m⠈[38;2;215;223;236m⣿[38;2;216;224;235m⣷[38;2;142;148;158m⣦[38;2;107;63;216m⣴[38;2;102;56;212m⣿[38;2;99;63;161m⣟[38;2;149;105;74m⣭[38;2;215;139;5m⣾[38;2;201;93;4m⣷[38;2;214;76;8m⣫[38;2;215;34;18m⠿[38;2;217;69;6m⣝[38;2;197;110;2m⣮[38;2;174;116;22m⢿[38;2;130;83;95m⢽[38;2;86;49;180m⢻[38;2;107;61;220m⣿[38;2;100;57;206m⣿[38;2;136;149;165m⢱[38;2;172;186;204m⣾[38;2;146;159;176m⣟[38;2;167;103;72m⠵[38;2;176;92;42m⣟[38;2;75;101;121m⠰[38;2;97;116;133m⡒[38;2;93;109;128m⠪[38;2;105;121;140m⢶[38;2;118;132;148m⣭[38;2;118;137;157m⡣[38;2;104;117;131m⠇      [39m
   [38;2;132;153;170m⢸[38;2;107;121;135m⣀[38;2;99;115;133m⡴[38;2;108;128;148m⠃[38;2;0;28;53m⠁[38;2;121;93;57m⠨[38;2;201;102;41m⣿[38;2;211;110;44m⣿[38;2;211;110;45m⣿[38;2;210;110;44m⣿[38;2;187;95;38m⣿[38;2;212;116;50m⣿[38;2;221;132;64m⣿[38;2;220;133;65m⣷[38;2;206;123;60m⣶[38;2;169;83;33m⣍[38;2;150;65;25m⠻[38;2;149;66;25m⣿[38;2;147;65;24m⣿⣿[38;2;57;58;61m⠈[38;2;215;224;237m⣿[38;2;172;187;206m⣿[38;2;187;194;205m⡗[38;2;92;50;196m⡏[38;2;25;140;188m⣅[38;2;7;190;71m⡞[38;2;83;198;25m⡽[38;2;128;182;14m⣻[38;2;165;160;5m⣿[38;2;196;152;1m⣿[38;2;198;152;3m⣿[38;2;195;143;2m⣿[38;2;161;139;5m⡿[38;2;138;178;12m⡚[38;2;102;157;13m⠍[38;2;1;180;60m⢳[38;2;27;115;149m⣫[38;2;85;47;180m⢿[38;2;175;190;209m⢸[38;2;173;188;206m⣿[38;2;168;181;198m⡇[38;2;118;54;24m⠫[38;2;182;89;37m⠍[38;2;41;63;85m⡀[38;2;0;29;52m⠄[38;2;73;88;108m⢀[38;2;140;161;178m⠆[38;2;0;29;53m⠄[38;2;135;159;178m⠆       [39m
  [38;2;117;132;149m⢰[38;2;131;149;166m⣽[38;2;114;131;149m⣿[38;2;156;171;186m⣕[38;2;101;118;134m⢂[38;2;95;119;137m⣁[38;2;56;74;92m⠅[38;2;164;80;34m⢿[38;2;182;90;36m⣿[38;2;204;106;42m⣿[38;2;206;107;43m⣿[38;2;209;108;44m⣿[38;2;210;109;44m⣿[38;2;210;110;45m⣿[38;2;211;112;47m⣿[38;2;227;134;62m⣿[38;2;213;126;59m⣿[38;2;150;69;27m⣷[38;2;132;54;19m⡘[38;2;147;65;24m⣿[38;2;146;63;24m⣿[38;2;55;57;59m⠐[38;2;220;228;240m⣿[38;2;188;200;216m⣿[38;2;198;206;216m⣿[38;2;139;174;207m⣯[38;2;80;149;203m⣗[38;2;1;127;190m⠿[38;2;2;140;180m⣿[38;2;0;155;138m⣷[38;2;0;187;97m⣿[38;2;0;188;61m⣖[38;2;55;189;30m⣯[38;2;1;173;58m⢳[38;2;0;157;90m⣹[38;2;0;124;134m⣼[38;2;2;124;182m⣾[38;2;1;105;179m⢿[38;2;57;131;196m⢺[38;2;118;154;189m⣽[38;2;174;188;206m⣾[38;2;125;143;166m⣿[38;2;177;192;209m⣿[38;2;0;21;42m⢀[38;2;0;32;59m⠁[38;2;107;123;140m⣡[38;2;126;141;158m⣦[38;2;145;162;179m⣞[38;2;90;108;128m⢄[38;2;0;28;52m⢀[38;2;133;156;171m⢸[38;2;0;16;38m⠂      [39m
  [38;2;100;115;134m⠰[38;2;121;141;159m⠯[38;2;137;155;172m⡿[38;2;140;158;175m⢓[38;2;16;30;49m⠁[38;2;0;25;50m⠁[38;2;0;29;54m⠁[38;2;137;62;24m⠘[38;2;151;69;26m⡟[38;2;158;73;28m⣿[38;2;168;80;31m⣿[38;2;188;93;37m⣿[38;2;202;104;42m⣿[38;2;210;110;45m⣿[38;2;209;109;45m⣿[38;2;197;101;42m⣿[38;2;169;83;34m⣿[38;2;156;72;28m⣿[38;2;48;20;15m⠄[38;2;117;50;21m⠹[38;2;139;57;21m⠟[38;2;58;60;63m⠠[38;2;206;216;230m⣿[38;2;190;201;218m⣿[38;2;178;192;209m⣟[38;2;205;214;228m⣿[38;2;221;229;242m⣿[38;2;219;227;239m⣿[38;2;216;224;235m⣶[38;2;21;74;164m⣽[38;2;1;83;185m⣿[38;2;1;121;196m⣿[38;2;1;119;172m⣿[38;2;0;107;185m⢿[38;2;1;87;186m⡻[38;2;29;102;193m⢙[38;2;129;149;188m⣬[38;2;167;180;196m⣶[38;2;169;182;199m⣿[38;2;176;189;207m⣿[38;2;166;181;198m⡿[38;2;154;171;192m⣽[38;2;174;189;207m⣿[38;2;0;27;49m⢀[38;2;0;30;55m⢀[38;2;112;133;149m⢈[38;2;126;141;157m⢴[38;2;100;120;141m⠮[38;2;103;121;137m⠧[38;2;113;131;147m⡡[38;2;128;142;159m⣼[38;2;115;131;148m⣤[38;2;100;112;128m⣀     [39m
    [38;2;112;129;147m⢳[38;2;2;27;51m⠄[38;2;121;141;159m⠳[38;2;107;69;46m⢁[38;2;182;92;37m⣴[38;2;166;78;30m⣷[38;2;94;37;16m⠄[38;2;85;42;23m⠉[38;2;141;61;23m⠫[38;2;153;70;27m⠻[38;2;155;71;27m⢿[38;2;156;72;27m⣿[38;2;157;72;27m⣿⣿[38;2;154;70;26m⡿[38;2;145;65;25m⠟[38;2;0;3;18m⠄[38;2;0;4;16m⠁[38;2;32;74;122m⢠[38;2;90;117;142m⡬[38;2;156;170;187m⡟[38;2;203;210;221m⠿[38;2;210;218;229m⣿[38;2;194;206;222m⣿[38;2;170;186;204m⣿[38;2;160;171;183m⣿[38;2;176;189;208m⣿[38;2;146;151;179m⣿[38;2;131;126;203m⣽[38;2;64;70;175m⣻[38;2;21;41;168m⠯[38;2;81;86;171m⣓[38;2;124;126;181m⣭[38;2;163;175;191m⣾[38;2;157;173;192m⣿[38;2;170;185;203m⣟[38;2;162;176;193m⣿[38;2;141;158;180m⠿[38;2;173;187;206m⣾[38;2;163;176;193m⡿[38;2;160;172;188m⠟[38;2;62;79;100m⣀[38;2;125;148;169m⢔[38;2;88;112;132m⢁[38;2;0;27;51m⠄[38;2;0;27;50m⠄[38;2;0;30;55m⠂[38;2;120;136;155m⣺[38;2;113;133;154m⣷[38;2;142;163;180m⣿[38;2;107;120;137m⠇     [39m
    [38;2;2;15;34m⠁[38;2;111;129;147m⠧[38;2;150;124;111m⣐[38;2;151;123;109m⣯[38;2;150;100;77m⣛[38;2;133;58;23m⠋[38;2;52;21;18m⠁[38;2;0;45;75m⠄[38;2;0;39;64m⠂[38;2;0;49;78m⠂[38;2;0;44;70m⠂[38;2;0;43;71m⠄[38;2;119;53;20m⠉[38;2;143;64;26m⠥[38;2;152;68;27m⣤[38;2;154;69;26m⣾[38;2;151;70;27m⡷[38;2;182;89;35m⣖[38;2;153;75;33m⡢[38;2;128;116;119m⡝[38;2;83;109;137m⠟[38;2;11;32;59m⠁[38;2;135;188;45m⣠[38;2;157;180;84m⣽[38;2;190;207;25m⣿[38;2;240;242;9m⡿[38;2;183;183;74m⣞[38;2;144;158;169m⣿[38;2;222;230;242m⣿[38;2;220;229;241m⣿[38;2;174;190;208m⢸[38;2;155;171;191m⣿[38;2;162;177;198m⣿[38;2;147;163;185m⣿[38;2;160;173;188m⣿[38;2;157;120;166m⠻[38;2;210;121;209m⢿[38;2;251;142;250m⣿[38;2;234;138;236m⣷[38;2;185;124;207m⣦[38;2;136;106;168m⣄[38;2;125;140;160m⠓[38;2;93;117;132m⣔[38;2;64;73;92m⢔[38;2;163;61;57m⣢[38;2;160;49;48m⣴[38;2;58;76;94m⡢[38;2;87;148;170m⣰[38;2;155;179;193m⠉[38;2;32;42;57m⠁      [39m
     [38;2;145;158;173m⢸[38;2;96;114;136m⢵[38;2;120;141;161m⣛[38;2;131;153;170m⣿[38;2;152;167;183m⡇[38;2;0;65;89m⢁[38;2;0;118;138m⣠[38;2;1;135;152m⢬[38;2;0;101;121m⡓[38;2;1;127;140m⢲[38;2;0;166;178m⠶[38;2;0;155;168m⠶[38;2;0;131;138m⡖[38;2;0;124;137m⠲[38;2;49;103;100m⣫[38;2;110;112;90m⠿[38;2;50;116;107m⣈[38;2;75;98;91m⣑[38;2;0;25;46m⢀[38;2;36;136;79m⢠[38;2;106;243;116m⡾[38;2;125;246;103m⣿[38;2;145;226;71m⠟[38;2;98;135;51m⠡[38;2;0;28;53m⠂[38;2;0;30;55m⠂[38;2;139;155;171m⢉[38;2;186;192;201m⠻[38;2;195;202;213m⢿[38;2;171;185;200m⢸[38;2;166;181;198m⠿[38;2;169;182;198m⠛[38;2;112;131;149m⠩[38;2;0;28;51m⠄[38;2;0;28;52m⠂[38;2;104;128;153m⠲[38;2;122;118;157m⡨[38;2;171;129;199m⡙[38;2;157;142;216m⢿[38;2;136;162;232m⣿[38;2;73;167;153m⣇[38;2;123;127;27m⣷[38;2;196;123;6m⣿[38;2;183;77;7m⣿[38;2;183;102;3m⣶[38;2;201;132;3m⣿[38;2;126;150;10m⡴[38;2;1;91;128m⠃[38;2;0;74;106m⡀      [39m
      [38;2;136;149;163m⠉[38;2;97;112;128m⢲[38;2;49;132;150m⣝[38;2;1;129;135m⡜[38;2;0;97;105m⠄[38;2;0;122;129m⡪[38;2;0;154;170m⡞[38;2;0;110;137m⠪[38;2;0;126;156m⢭[38;2;0;128;169m⣉[38;2;0;118;162m⣉[38;2;0;126;160m⡩[38;2;0;144;162m⠩[38;2;0;93;115m⠱[38;2;0;147;158m⠚[38;2;0;125;142m⠧[38;2;0;132;148m⣚[38;2;0;133;148m⡝[38;2;8;143;127m⡺[38;2;23;241;195m⢿[38;2;30;232;180m⣿[38;2;0;23;45m⢀[38;2;0;29;52m⠂[38;2;0;66;91m⢀[38;2;0;108;133m⡠[38;2;0;144;175m⢇[38;2;0;101;153m⣠[38;2;0;121;171m⢤[38;2;0;118;168m⡀[38;2;0;80;129m⡄[38;2;0;71;100m⢠[38;2;0;80;120m⡠[38;2;0;141;192m⣠[38;2;0;110;159m⣤[38;2;0;103;157m⣤[38;2;93;115;135m⠙[38;2;137;157;175m⢆[38;2;0;30;57m⠄[38;2;6;95;168m⢷[38;2;1;135;163m⣿[38;2;1;136;123m⣜[38;2;28;167;84m⣾[38;2;82;166;29m⢻[38;2;69;140;37m⣛[38;2;10;139;81m⢹[38;2;0;129;175m⣼[38;2;0;105;197m⢖[38;2;0;65;146m⠦      [39m
       [38;2;0;131;155m⢸[38;2;0;132;142m⠈[38;2;0;93;101m⡑[38;2;0;141;159m⡷[38;2;1;116;137m⢕[38;2;0;105;140m⢁[38;2;0;79;119m⣀[38;2;0;117;163m⡚[38;2;0;100;145m⡚[38;2;0;122;178m⣚[38;2;0;108;162m⣡[38;2;0;90;137m⡐[38;2;0;32;61m⢀[38;2;0;27;51m⠁[38;2;0;28;52m⠁[38;2;0;32;58m⢀[38;2;0;116;144m⢋[38;2;0;171;192m⡲[38;2;0;139;148m⠥[38;2;1;211;215m⣟[38;2;0;145;156m⡗[38;2;2;204;213m⣌[38;2;0;42;63m⠁[38;2;0;106;124m⠈[38;2;0;120;150m⡎[38;2;0;119;168m⢐[38;2;0;129;182m⠴[38;2;0;107;158m⠲[38;2;0;111;163m⡶[38;2;0;135;193m⠶[38;2;0;110;154m⡖[38;2;0;95;143m⡖[38;2;0;113;163m⠲[38;2;0;111;160m⡢[38;2;0;79;123m⠔[38;2;0;51;93m⠆[38;2;103;133;151m⡟[38;2;139;159;179m⢿[38;2;62;176;235m⣮[38;2;13;115;185m⡝[38;2;12;88;202m⣿[38;2;1;99;173m⢿[38;2;0;89;173m⡷[38;2;11;65;185m⡿[38;2;120;141;175m⣱[38;2;155;168;186m⣾[38;2;126;137;152m⠧      [39m
       [38;2;0;113;132m⢈[38;2;0;101;110m⠚[38;2;1;140;147m⠅[38;2;0;152;174m⡣[38;2;0;114;141m⣌[38;2;0;97;135m⢈[38;2;0;100;137m⢉[38;2;0;101;145m⠉[38;2;0;115;167m⠉[38;2;0;114;161m⠩[38;2;0;105;151m⢉[38;2;0;116;162m⠉[38;2;0;118;146m⣂[38;2;0;109;132m⡡[38;2;0;127;145m⢴[38;2;0;129;153m⠫[38;2;0;164;183m⣑[38;2;0;142;161m⡬[38;2;0;134;160m⠖[38;2;46;124;140m⢊[38;2;11;190;198m⡻[38;2;18;203;211m⣿[38;2;28;194;203m⣿[38;2;44;163;180m⣶[38;2;82;192;221m⣤[38;2;55;126;158m⣨[38;2;21;94;123m⡙[38;2;0;86;117m⠩[38;2;0;83;117m⠩[38;2;0;80;116m⠩⠩[38;2;0;98;125m⡙[38;2;0;103;122m⠭[38;2;0;96;125m⡙[38;2;91;106;174m⣩[38;2;150;141;215m⣴[38;2;104;124;191m⣾[38;2;125;171;251m⣿[38;2;97;181;250m⡿[38;2;51;171;213m⠟[38;2;137;143;152m⠿[38;2;141;140;185m⢿[38;2;136;140;179m⡷[38;2;148;162;179m⠟[38;2;124;135;150m⠋[38;2;11;14;18m⠁       [39m
       [38;2;0;136;162m⢸[38;2;0;141;149m⠇[38;2;0;185;205m⠑[38;2;0;137;152m⠵[38;2;0;149;160m⡵[38;2;0;171;186m⢋[38;2;0;139;152m⣷[38;2;0;153;166m⠶[38;2;0;126;138m⢲[38;2;1;161;175m⢶[38;2;1;137;150m⣮[38;2;3;152;166m⢙[38;2;4;147;162m⣇[38;2;20;121;138m⣭[38;2;0;130;152m⠖[38;2;0;133;152m⠋[38;2;116;144;161m⣵[38;2;139;157;173m⣾[38;2;132;148;165m⣷[38;2;130;147;163m⢯[38;2;0;26;52m⠂[38;2;0;28;51m⢀[38;2;44;161;180m⠩[38;2;117;219;245m⢛[38;2;103;178;216m⠷[38;2;108;169;216m⢿[38;2;119;163;225m⣽[38;2;143;164;239m⣿[38;2;160;153;244m⣿[38;2;181;141;237m⣿[38;2;174;115;205m⣇[38;2;134;153;160m⣿[38;2;94;121;129m⢾[38;2;105;114;121m⡗[38;2;191;138;232m⡿[38;2;165;138;227m⠿[38;2;131;129;208m⠛[38;2;119;132;189m⠉[38;2;0;1;7m⠁  [38;2;4;21;39m⠁[38;2;0;5;23m⠁          [39m
        [38;2;0;121;139m⠪[38;2;0;80;94m⠣[38;2;0;87;102m⣤[38;2;0;140;156m⠫[38;2;0;115;134m⠋[38;2;2;145;154m⠉[38;2;0;34;40m⠁[38;2;0;9;10m⠁[38;2;0;88;100m⠉[38;2;0;180;199m⠉[38;2;0;89;105m⠁ [38;2;0;16;41m⠁[38;2;186;200;209m⠉[38;2;83;97;112m⠃[38;2;136;152;167m⠻[38;2;130;149;168m⢖[38;2;104;120;135m⣢[38;2;114;138;156m⠟[38;2;42;60;79m⠰[38;2;66;85;103m⠲[38;2;61;77;94m⠲[38;2;100;115;129m⠸[38;2;152;172;189m⣿[38;2;110;130;151m⣾[38;2;101;119;136m⡲[38;2;61;76;97m⠆[38;2;41;30;59m⠉[38;2;113;82;130m⠉[38;2;104;78;121m⠙[38;2;162;153;170m⠓[38;2;38;39;42m⠁[38;2;0;0;4m⠁                   [39m
    [38;2;0;89;173m⢀[38;2;0;100;187m⣀[38;2;0;96;178m⣀[38;2;0;80;148m⣀[38;2;0;38;78m⢀[38;2;0;56;115m⣀[38;2;0;32;72m⢀[38;2;0;101;184m⣀[38;2;0;104;187m⣀[38;2;0;54;108m⣀[38;2;0;98;178m⣀  [38;2;0;88;166m⢀[38;2;0;55;114m⣀[38;2;0;98;182m⣀[38;2;0;99;183m⣀[38;2;0;103;185m⣀[38;2;0;10;30m⢀ [38;2;0;8;30m⢀[38;2;0;96;168m⣀  [38;2;0;10;34m⢀[38;2;0;102;178m⣀[38;2;0;10;34m⢀[38;2;0;79;149m⣀[38;2;59;132;191m⣁[38;2;0;63;122m⣁   [38;2;0;71;133m⢀[38;2;0;104;186m⣀[38;2;0;98;182m⣀[38;2;0;70;132m⣀[38;2;0;101;189m⢀[38;2;0;48;96m⡀   [38;2;0;12;41m⢀[38;2;0;86;164m⣀[38;2;0;14;39m⢀ [38;2;0;99;171m⢀[38;2;0;91;170m⣀  [38;2;0;101;189m⢀[38;2;0;55;106m⣀    [39m
    [38;2;2;131;247m⢸[38;2;0;122;230m⡯[38;2;3;134;247m⠭[38;2;2;131;246m⢽[38;2;0;72;145m⠂[38;2;4;132;246m⡇[38;2;0;118;217m⣿[38;2;3;137;247m⠭[38;2;2;137;247m⠭[38;2;4;95;178m⠥[38;2;3;110;200m⠙[38;2;0;115;219m⣧[38;2;0;89;171m⢠[38;2;1;121;226m⡾[38;2;0;60;119m⢁[38;2;2;122;228m⣿[38;2;1;123;220m⣭[38;2;0;117;215m⣽[38;2;0;111;210m⡇[38;2;0;89;168m⠦[38;2;5;88;167m⠤[38;2;1;120;222m⣿[38;2;0;12;40m⠁[38;2;0;11;35m⢀[38;2;0;10;32m⢀[38;2;0;127;231m⣿[38;2;4;133;242m⢸[38;2;2;117;215m⡏[38;2;1;94;177m⢉[38;2;0;99;187m⠹[38;2;1;130;247m⡇[38;2;1;88;171m⠦[38;2;1;90;169m⠤[38;2;1;113;205m⠿[38;2;2;139;246m⠭[38;2;3;137;247m⠭[38;2;1;105;196m⣭[38;2;1;131;246m⢸[38;2;0;60;127m⡀[38;2;0;14;44m⢀[38;2;0;7;23m⢀[38;2;0;26;65m⢀[38;2;0;112;213m⣼[38;2;1;134;249m⣋[38;2;1;127;235m⣷[38;2;2;75;148m⣀[38;2;0;134;244m⢸[38;2;1;117;219m⡿[38;2;2;131;240m⣆[38;2;2;97;181m⣰[38;2;0;104;195m⢯[38;2;4;135;245m⡇    [39m
    [38;2;1;86;160m⠸[38;2;0;122;219m⠛[38;2;2;120;219m⠛[38;2;0;112;211m⠛[38;2;0;62;122m⠉[38;2;4;122;224m⠃[38;2;0;96;175m⠙[38;2;2;122;223m⠛[38;2;3;119;219m⠛[38;2;0;117;214m⠃ [38;2;2;93;175m⠘[38;2;1;118;217m⠛[38;2;0;31;69m⠁ [38;2;0;88;168m⠛[38;2;0;12;37m⠁[38;2;1;105;192m⠘[38;2;1;112;205m⠃  [38;2;2;84;159m⠙[38;2;2;120;220m⠛[38;2;2;120;217m⠛[38;2;3;123;219m⠃[38;2;2;119;212m⠛[38;2;0;70;135m⠉[38;2;1;119;214m⠛[38;2;2;119;219m⠛[38;2;0;115;214m⠛[38;2;2;72;139m⠃  [38;2;1;108;195m⠛[38;2;1;120;218m⠛[38;2;0;120;219m⠛[38;2;1;109;201m⠋[38;2;1;72;143m⠉[38;2;1;119;218m⠛[38;2;1;116;217m⠛[38;2;5;121;219m⠛[38;2;0;92;172m⠚[38;2;0;98;183m⠃[38;2;0;46;95m⠁[38;2;1;64;128m⠈[38;2;1;110;205m⠛[38;2;1;123;224m⠘[38;2;2;105;193m⠃[38;2;0;96;185m⠙[38;2;0;120;223m⠋[38;2;0;46;90m⠘[38;2;1;122;222m⠃    [39m